  -49.945591716773826     
  -49.836864006511725     
  -49.728254771169901     
  -49.619764010748355     
  -49.511391725247115     
  -49.403137914666154     
  -49.295002579005484     
  -49.186985718265099     
  -49.079087332444999     
  -48.971307421545170     
  -48.863645985565654     
  -48.756103024506423     
  -48.648678538367470     
  -48.541372527148809     
  -48.434184990850440     
  -48.327115929472356     
  -48.220165343014564     
  -48.113333231477050     
  -48.006619594859814     
  -47.900024433162891     
  -47.793547746386238     
  -47.687189534529878     
  -47.580949797593810     
  -47.474828535578027     
  -47.368825748482529     
  -47.262941436307322     
  -47.157175599052394     
  -47.051528236717765     
  -46.945999349303406     
  -46.840588936809354     
  -46.735296999235587     
  -46.630123536582097     
  -46.525068548848900     
  -46.420132036036001     
  -46.315313998143381     
  -46.210614435171038     
  -46.106033347119002     
  -46.001570733987243     
  -45.897226595775763     
  -45.793000932484581     
  -45.688893744113692     
  -45.584905030663087     
  -45.481034792132768     
  -45.377283028522733     
  -45.273649739832990     
  -45.170134926063533     
  -45.066738587214360     
  -44.963460723285472     
  -44.860301334276876     
  -44.757260420188572     
  -44.654337981020554     
  -44.551534016772827     
  -44.448848527445385     
  -44.346281513038235     
  -44.243832973551363     
  -44.141502908984776     
  -44.039291319338474     
  -43.937198204612471     
  -43.835223564806753     
  -43.733367399921327     
  -43.631629709956179     
  -43.530010494911330     
  -43.428509754786766     
  -43.327127489582480     
  -43.225863699298493     
  -43.124718383934777     
  -43.023691543491360     
  -42.922783177968235     
  -42.821993287365395     
  -42.721321871682839     
  -42.620768930920576     
  -42.520334465078591     
  -42.420018474156905     
  -42.319820958155503     
  -42.219741917074380     
  -42.119781350913549     
  -42.019939259673009     
  -41.920215643352755     
  -41.820610501952793     
  -41.721123835473115     
  -41.621755643913730     
  -41.522505927274622     
  -41.423374685555807     
  -41.324361918757276     
  -41.225467626879031     
  -41.126691809921077     
  -41.028034467883415     
  -40.929495600766046     
  -40.831075208568947     
  -40.732773291292148     
  -40.634589848935640     
  -40.536524881499410     
  -40.438578388983473     
  -40.340750371387820     
  -40.243040828712452     
  -40.145449760957376     
  -40.047977168122586     
  -39.950623050208087     
  -39.853387407213873     
  -39.756270239139944     
  -39.659271545986314     
  -39.562391327752962     
  -39.465629584439895     
  -39.368986316047113     
  -39.272461522574623     
  -39.176055204022425     
  -39.079767360390512     
  -38.983597991678892     
  -38.887547097887555     
  -38.791614679016504     
  -38.695800735065745     
  -38.600105266035271     
  -38.504528271925075     
  -38.409069752735171     
  -38.313729708465566     
  -38.218508139116246     
  -38.123405044687210     
  -38.028420425178460     
  -37.933554280590002     
  -37.838806610921829     
  -37.744177416173940     
  -37.649666696346330     
  -37.555274451439026     
  -37.461000681451999     
  -37.366845386385265     
  -37.272808566238815     
  -37.178890221012665     
  -37.085090350706793     
  -36.991408955321198     
  -36.897846034855910     
  -36.804401589310885     
  -36.711075618686166     
  -36.617868122981733     
  -36.524779102197584     
  -36.431808556333728     
  -36.338956485390156     
  -36.246222889366877     
  -36.153607768263875     
  -36.061111122081165     
  -35.968732950818740     
  -35.876473254476615     
  -35.784332033054760     
  -35.692309286553204     
  -35.600405014971933     
  -35.508619218310947     
  -35.416951896570261     
  -35.325403049749852     
  -35.233972677849728     
  -35.142660780869889     
  -35.051467358810349     
  -34.960392411671087     
  -34.869435939452124     
  -34.778597942153439     
  -34.687878419775039     
  -34.597277372316938     
  -34.506794799779115     
  -34.416430702161584     
  -34.326185079464338     
  -34.236057931687384     
  -34.146049258830708     
  -34.056159060894323     
  -33.966387337878238     
  -33.876734089782424     
  -33.787199316606916     
  -33.697783018351679     
  -33.608485195016740     
  -33.519305846602073     
  -33.430244973107719     
  -33.341302574533628     
  -33.252478650879837     
  -33.163773202146331     
  -33.075186228333116     
  -32.986717729440187     
  -32.898367705467543     
  -32.810136156415190     
  -32.722023082283123     
  -32.634028483071340     
  -32.546152358779842     
  -32.458394709408637     
  -32.370755534957723     
  -32.283234835427095     
  -32.195832610816758     
  -32.108548861126700     
  -32.021383586356933     
  -31.934336786507455     
  -31.847408461578262     
  -31.760598611569350     
  -31.673907236480737     
  -31.587334336312413     
  -31.500879911064374     
  -31.414543960736619     
  -31.328326485329157     
  -31.242227484841976     
  -31.156246959275087     
  -31.070384908628487     
  -30.984641332902164     
  -30.899016232096145     
  -30.813509606210399     
  -30.728121455244946     
  -30.642851779199781     
  -30.557700578074904     
  -30.472667851870316     
  -30.387753600586016     
  -30.302957824221998     
  -30.218280522778269     
  -30.133721696254838     
  -30.049281344651682     
  -29.964959467968818     
  -29.880756066206235     
  -29.796671139363951     
  -29.712704687441956     
  -29.628856710440235     
  -29.545127208358814     
  -29.461516181197666     
  -29.378023628956829     
  -29.294649551636258     
  -29.211393949235980     
  -29.128256821755997     
  -29.045238169196299     
  -28.962337991556886     
  -28.879556288837758     
  -28.796893061038926     
  -28.714348308160364     
  -28.631922030202112     
  -28.549614227164135     
  -28.467424899046442     
  -28.385354045849049     
  -28.303401667571936     
  -28.221567764215109     
  -28.139852335778578     
  -28.058255382262335     
  -27.976776903666362     
  -27.895416899990696     
  -27.814175371235308     
  -27.733052317400215     
  -27.652047738485397     
  -27.571161634490874     
  -27.490394005416640     
  -27.409744851262690     
  -27.329214172029030     
  -27.248801967715654     
  -27.168508238322573     
  -27.088332983849774     
  -27.008276204297275     
  -26.928337899665038     
  -26.848518069953109     
  -26.768816715161456     
  -26.689233835290104     
  -26.609769430339028     
  -26.530423500308245     
  -26.451196045197751     
  -26.372087065007538     
  -26.293096559737624     
  -26.214224529387984     
  -26.135470973958636     
  -26.056835893449584     
  -25.978319287860813     
  -25.899921157192331     
  -25.821641501444123     
  -25.743480320616221     
  -25.665437614708598     
  -25.587513383721273     
  -25.509707627654219     
  -25.432020346507468     
  -25.354451540281001     
  -25.277001208974813     
  -25.199669352588920     
  -25.122455971123316     
  -25.045361064577996     
  -24.968384632952954     
  -24.891526676248223     
  -24.814787194463758     
  -24.738166187599589     
  -24.661663655655712     
  -24.585279598632116     
  -24.509014016528809     
  -24.432866909345790     
  -24.356838277083064     
  -24.280928119740611     
  -24.205136437318462     
  -24.129463229816590     
  -24.053908497235017     
  -23.978472239573719     
  -23.903154456832713     
  -23.827955149011995     
  -23.752874316111566     
  -23.677911958131425     
  -23.603068075071562     
  -23.528342666932001     
  -23.453735733712719     
  -23.379247275413736     
  -23.304877292035023     
  -23.230625783576606     
  -23.156492750038474     
  -23.082478191420641     
  -23.008582107723083     
  -22.934804498945809     
  -22.861145365088841     
  -22.787604706152145     
  -22.714182522135751     
  -22.640878813039624     
  -22.567693578863796     
  -22.494626819608257     
  -22.421678535273006     
  -22.348848725858041     
  -22.276137391363356     
  -22.203544531788975     
  -22.131070147134864     
  -22.058714237401055     
  -21.986476802587525     
  -21.914357842694283     
  -21.842357357721330     
  -21.770475347668672     
  -21.698711812536292     
  -21.627066752324197     
  -21.555540167032401     
  -21.484132056660883     
  -21.412842421209664     
  -21.341671260678719     
  -21.270618575068067     
  -21.199684364377706     
  -21.128868628607631     
  -21.058171367757843     
  -20.987592581828334     
  -20.917132270819131     
  -20.846790434730199     
  -20.776567073561566     
  -20.706462187313210     
  -20.636475775985147     
  -20.566607839577376     
  -20.496858378089890     
  -20.427227391522685     
  -20.357714879875779     
  -20.288320843149151     
  -20.219045281342808     
  -20.149888194456764     
  -20.080849582490998     
  -20.011929445445524     
  -19.943127783320339     
  -19.874444596115438     
  -19.805879883830830     
  -19.737433646466506     
  -19.669105884022471     
  -19.600896596498718     
  -19.532805783895263     
  -19.464833446212086     
  -19.396979583449205     
  -19.329244195606602     
  -19.261627282684291     
  -19.194128844682272     
  -19.126748881600538     
  -19.059487393439088     
  -18.992344380197924     
  -18.925319841877055     
  -18.858413778476464     
  -18.791626189996176     
  -18.724957076436159     
  -18.658406437796440     
  -18.591974274077007     
  -18.525660585277858     
  -18.459465371399002     
  -18.393388632440423     
  -18.327430368402148     
  -18.261590579284146     
  -18.195869265086444     
  -18.130266425809019     
  -18.064782061451883     
  -17.999416172015039     
  -17.934168757498480     
  -17.869039817902209     
  -17.804029353226223     
  -17.739137363470533     
  -17.674363848635121     
  -17.609708808720004     
  -17.545172243725169     
  -17.480754153650626     
  -17.416454538496367     
  -17.352273398262398     
  -17.288210732948716     
  -17.224266542555316     
  -17.160440827082216     
  -17.096733586529393     
  -17.033144820896869     
  -16.969674530184619     
  -16.906322714392662     
  -16.843089373520993     
  -16.779974507569612     
  -16.716978116538520     
  -16.654100200427713     
  -16.591340759237198     
  -16.528699792966957     
  -16.466177301617027     
  -16.403773285187363     
  -16.341487743677995     
  -16.279320677088915     
  -16.217272085420124     
  -16.155341968671621     
  -16.093530326843400     
  -16.031837159935474     
  -15.970262467947824     
  -15.908806250880474     
  -15.847468508733403     
  -15.786249241506631     
  -15.725148449200132     
  -15.664166131813930     
  -15.603302289348015     
  -15.542556921802387     
  -15.481930029177047     
  -15.421421611471986     
  -15.361031668687225     
  -15.300760200822740     
  -15.240607207878559     
  -15.180572689854648     
  -15.120656646751035     
  -15.060859078567708     
  -15.001179985304665     
  -14.941619366961914     
  -14.882177223539445     
  -14.822853555037270     
  -14.763648361455378     
  -14.704561642793783     
  -14.645593399052462     
  -14.586743630231435     
  -14.528012336330697     
  -14.469399517350245     
  -14.410905173290082     
  -14.352529304150201     
  -14.294271909930616     
  -14.236132990631310     
  -14.178112546252303     
  -14.120210576793571     
  -14.062427082255132     
  -14.004762062636983     
  -13.947215517939117     
  -13.889787448161545     
  -13.832477853304251     
  -13.775286733367256     
  -13.718214088350539     
  -13.661259918254117     
  -13.604424223077977     
  -13.547707002822126     
  -13.491108257486564     
  -13.434627987071289     
  -13.378266191576301     
  -13.322022871001606     
  -13.265898025347193     
  -13.209891654613061     
  -13.154003758799233     
  -13.098234337905678     
  -13.042583391932418     
  -12.987050920879442     
  -12.931636924746757     
  -12.876341403534358     
  -12.821164357242248     
  -12.766105785870424     
  -12.711165689418886     
  -12.656344067887643     
  -12.601640921276676     
  -12.547056249586003     
  -12.492590052815618     
  -12.438242330965522     
  -12.384013084035711     
  -12.329902312026189     
  -12.275910014936954     
  -12.222036192768007     
  -12.168280845519343     
  -12.114643973190972     
  -12.061125575782887     
  -12.007725653295092     
  -11.954444205727581     
  -11.901281233080361     
  -11.848236735353428     
  -11.795310712546781     
  -11.742503164660423     
  -11.689814091694352     
  -11.637243493648565     
  -11.584791370523067     
  -11.532457722317858     
  -11.480242549032939     
  -11.428145850668306     
  -11.376167627223960     
  -11.324307878699903     
  -11.272566605096133     
  -11.220943806412652     
  -11.169439482649452     
  -11.118053633806547     
  -11.066786259883925     
  -11.015637360881593     
  -10.964606936799548     
  -10.913694987637793     
  -10.862901513396324     
  -10.812226514075142     
  -10.761669989674248     
  -10.711231940193638     
  -10.660912365633317     
  -10.610711265993288     
  -10.560628641273544     
  -10.510664491474088     
  -10.460818816594919     
  -10.411091616636039     
  -10.361482891597447     
  -10.311992641479142     
  -10.262620866281123     
  -10.213367566003388     
  -10.164232740645945     
  -10.115216390208792     
  -10.066318514691925     
  -10.017539114095346     
  -9.9688781884190512     
  -9.9203357376630485     
  -9.8719117618273327     
  -9.8236062609119017     
  -9.7754192349167557     
  -9.7273506838419017     
  -9.6794006076873362     
  -9.6315690064530557     
  -9.5838558801390654     
  -9.5362612287453619     
  -9.4887850522719468     
  -9.4414273507188184     
  -9.3941881240859768     
  -9.3470673723734183     
  -9.3000650955811537     
  -9.2531812937091757     
  -9.2064159667574845     
  -9.1597691147260818     
  -9.1132407376149676     
  -9.0668308354241400     
  -9.0205394081536010     
  -8.9743664558033487     
  -8.9283119783733831     
  -8.8823759758637024     
  -8.8365584482743120     
  -8.7908593956052119     
  -8.7452788178563967     
  -8.6998167150278718     
  -8.6544730871196318     
  -8.6092479341316785     
  -8.5641412560640156     
  -8.5191530529166410     
  -8.4742833246895461     
  -8.4295320713827468     
  -8.3848992929962325     
  -8.3403849895300066     
  -8.2959891609840710     
  -8.2517118073584204     
  -8.2075529286530546     
  -8.1635125248679810     
  -8.1195905960031922     
  -8.0757871420586902     
  -8.0321021630344767     
  -7.9885356589305525     
  -7.9450876297469160     
  -7.9017580754835661     
  -7.8585469961405039     
  -7.8154543917177284     
  -7.7724802622152422     
  -7.7296246076330428     
  -7.6868874279711319     
  -7.6442687232295032     
  -7.6017684934081675     
  -7.5593867385071194     
  -7.5171234585263580     
  -7.4749786534658842     
  -7.4329523233256998     
  -7.3910444681058012     
  -7.3492550878061902     
  -7.3075841824268668     
  -7.2660317519678275     
  -7.2245977964290793     
  -7.1832823158106205     
  -7.1420853101124466     
  -7.1010067793345630     
  -7.0600467234769644     
  -7.0192051425396542     
  -6.9784820365226325     
  -6.9378774054258985     
  -6.8973912492494467     
  -6.8570235679932887     
  -6.8167743616574175     
  -6.7766436302418329     
  -6.7366313737465360     
  -6.6967375921715275     
  -6.6569622855168058     
  -6.6173054537823726     
  -6.5777670969682269     
  -6.5383472150743644     
  -6.4990458081007940     
  -6.4598628760475103     
  -6.4207984189145160     
  -6.3818524367018066     
  -6.3430249294093874     
  -6.3043158970372541     
  -6.2657253395854102     
  -6.2272532570538521     
  -6.1888996494425816     
  -6.1506645167515961     
  -6.1125478589809008     
  -6.0745496761304940     
  -6.0366699682003748     
  -5.9989087351905424     
  -5.9612659771009984     
  -5.9237416939317420     
  -5.8863358856827732     
  -5.8490485523540920     
  -5.8118796939456940     
  -5.7748293104575881     
  -5.7378974018897697     
  -5.7010839682422390     
  -5.6643890095149958     
  -5.6278125257080394     
  -5.5913545168213714     
  -5.5550149828549911     
  -5.5187939238088992     
  -5.4826913396830887     
  -5.4467072304775712     
  -5.4108415961923413     
  -5.3750944368273990     
  -5.3394657523827442     
  -5.3039555428583780     
  -5.2685638082542985     
  -5.2332905485705057     
  -5.1981357638070014     
  -5.1630994539637847     
  -5.1281816190408520     
  -5.0933822590382105     
  -5.0587013739558566     
  -5.0241389637937903     
  -4.9896950285520116     
  -4.9553695682305205     
  -4.9211625828293171     
  -4.8870740723484012     
  -4.8531040367877729     
  -4.8192524761474287     
  -4.7855193904273756     
  -4.7519047796276102     
  -4.7184086437481332     
  -4.6850309827889420     
  -4.6517717967500403     
  -4.6186310856314252     
  -4.5856088494330978     
  -4.5527050881550579     
  -4.5199198017973021     
  -4.4872529903598384     
  -4.4547046538426613     
  -4.4222747922457710     
  -4.3899634055691701     
  -4.3577704938128559     
  -4.3256960569768292     
  -4.2937400950610911     
  -4.2619026080656397     
  -4.2301835959904750     
  -4.1985830588355961     
  -4.1671009966010084     
  -4.1357374092867074     
  -4.1044922968926940     
  -4.0733656594189682     
  -4.0423574968655309     
  -4.0114678092323803     
  -3.9806965965195178     
  -3.9500438587269424     
  -3.9195095958546520     
  -3.8890938079026522     
  -3.8587964948709397     
  -3.8286176567595152     
  -3.7985572935683782     
  -3.7686154052975285     
  -3.7387919919469663     
  -3.7090870535166922     
  -3.6795005900067062     
  -3.6500326014170037     
  -3.6206830877475928     
  -3.5914520489984691     
  -3.5623394851696331     
  -3.5333453962610841     
  -3.5044697822728237     
  -3.4757126432048495     
  -3.4470739790571638     
  -3.4185537898297662     
  -3.3901520755226553     
  -3.3618688361358302     
  -3.3337040716692936     
  -3.3056577821230464     
  -3.2777299674970868     
  -3.2499206277914134     
  -3.2222297630060295     
  -3.1946573731409318     
  -3.1672034581961221     
  -3.1398680181716001     
  -3.1126510530673634     
  -3.0855525628834166     
  -3.0585725476197569     
  -3.0317110072763858     
  -3.0049679418533017     
  -2.9783433513505053     
  -2.9518372357679969     
  -2.9254495951057757     
  -2.8991804293638417     
  -2.8730297385421939     
  -2.8469975226408355     
  -2.8210837816597647     
  -2.7952885155989819     
  -2.7696117244584859     
  -2.7440534082382779     
  -2.7186135669383580     
  -2.6932922005587252     
  -2.6680893090993805     
  -2.6430048925603202     
  -2.6180389509415503     
  -2.5931914842430683     
  -2.5684624924648740     
  -2.5438519756069669     
  -2.5193599336693473     
  -2.4949863666520158     
  -2.4707312745549719     
  -2.4465946573782151     
  -2.4225765151217464     
  -2.3986768477855627     
  -2.3748956553696692     
  -2.3512329378740628     
  -2.3276886952987446     
  -2.3042629276437139     
  -2.2809556349089704     
  -2.2577668170945149     
  -2.2346964742003470     
  -2.2117446062264663     
  -2.1889112131728714     
  -2.1661962950395663     
  -2.1435998518265489     
  -2.1211218835338186     
  -2.0987623901613763     
  -2.0765213717092217     
  -2.0543988281773546     
  -2.0323947595657752     
  -2.0105091658744829     
  -1.9887420471034767     
  -1.9670934032527601     
  -1.9455632343223308     
  -1.9241515403121894     
  -1.9028583212223356     
  -1.8816835770527693     
  -1.8606273078034907     
  -1.8396895134744997     
  -1.8188701940657963     
  -1.7981693495773807     
  -1.7775869800092503     
  -1.7571230853614095     
  -1.7367776656338567     
  -1.7165507208265915     
  -1.6964422509396138     
  -1.6764522559729238     
  -1.6565807359265214     
  -1.6368276908004062     
  -1.6171931205945791     
  -1.5976770253090373     
  -1.5782794049437852     
  -1.5590002594988208     
  -1.5398395889741439     
  -1.5207973933697549     
  -1.5018736726856532     
  -1.4830684269218393     
  -1.4643816560783129     
  -1.4458133601550738     
  -1.4273635391521209     
  -1.4090321930694574     
  -1.3908193219070815     
  -1.3727249256649932     
  -1.3547490043431925     
  -1.3368915579416794     
  -1.3191525864604539     
  -1.3015320898995160     
  -1.2840300682588657     
  -1.2666465215385030     
  -1.2493814497384261     
  -1.2322348528586387     
  -1.2152067308991390     
  -1.1982970838599267     
  -1.1815059117410021     
  -1.1648332145423652     
  -1.1482789922640158     
  -1.1318432449059539     
  -1.1155259724681796     
  -1.0993271749506914     
  -1.0832468523534928     
  -1.0672850046765812     
  -1.0514416319199575     
  -1.0357167340836215     
  -1.0201103111675731     
  -1.0046223631718121     
 -0.98925289009633888     
 -0.97400189194115305     
 -0.95886936870625361     
 -0.94385532039164322     
 -0.92895974699732031     
 -0.91418264852328512     
 -0.89952402496953754     
 -0.88498387633607734     
 -0.87056220262290518     
 -0.85625900383002040     
 -0.84207427995742323     
 -0.82800803100511366     
 -0.81406025697309037     
 -0.80023095786135590     
 -0.78652013366990925     
 -0.77292778439875010     
 -0.75945391004787866     
 -0.74609851061729482     
 -0.73286158610699836     
 -0.71974313651698996     
 -0.70674316184726871     
 -0.69386166209783395     
 -0.68109863726868813     
 -0.66845408735983003     
 -0.65592801237125942     
 -0.64352041230297641     
 -0.63123128715498100     
 -0.61906063692727331     
 -0.60700846161985311     
 -0.59507476123272052     
 -0.58325953576587442     
 -0.57156278521931714     
 -0.55998450959304735     
 -0.54852470888706517     
 -0.53718338310137081     
 -0.52596053223596384     
 -0.51485615629084458     
 -0.50387025526601292     
 -0.49300282916146898     
 -0.48225387797721248     
 -0.47162340171324252     
 -0.46111140036956139     
 -0.45071787394616775     
 -0.44044282244306171     
 -0.43028624586024339     
 -0.42024814419771261     
 -0.41032851745546944     
 -0.40052736563351388     
 -0.39084468873184597     
 -0.38128048675046472     
 -0.37183475968937202     
 -0.36250750754856692     
 -0.35329873032804943     
 -0.34420842802781954     
 -0.33523660064787725     
 -0.32638324818822262     
 -0.31764837064885554     
 -0.30903196802977612     
 -0.30053404033098347     
 -0.29215458755247925     
 -0.28389360969426258     
 -0.27575110675633363     
 -0.26772707873869223     
 -0.25982152564133854     
 -0.25203444746427234     
 -0.24436584420749380     
 -0.23681571587100289     
 -0.22938406245479875     
 -0.22207088395888308     
 -0.21487618038325498     
 -0.20779995172791449     
 -0.20084219799286163     
 -0.19400291917809637     
 -0.18728211528361868     
 -0.18067978630942863     
 -0.17419593225552621     
 -0.16783055312191139     
 -0.16158364890858354     
 -0.15545521961554395     
 -0.14944526524279197     
 -0.14355378579032760     
 -0.13778078125815085     
 -0.13212625164626168     
 -0.12659019695466014     
 -0.12117261718334621     
 -0.11587351233231988     
 -0.11069288240158065     
 -0.10563072739112955     
 -0.10068704730096607     
  -9.5861842131090225E-002
  -9.1155111881501952E-002
  -8.6566856552201296E-002
  -8.2097076143188258E-002
  -7.7745770654462823E-002
  -7.3512940086024992E-002
  -6.9398584437874375E-002
  -6.5402703710011792E-002
  -6.1525297902436805E-002
  -5.7766367015149436E-002
  -5.4125911048149677E-002
  -5.0603930001437522E-002
  -4.7200423875012991E-002
  -4.3915392668876063E-002
  -4.0748836383026739E-002
  -3.7700755017465025E-002
  -3.4771148572190630E-002
  -3.1960017047204158E-002
  -2.9267360442505285E-002
  -2.6693178758094030E-002
  -2.4237471993970378E-002
  -2.1900240150134337E-002
  -1.9681483226585909E-002
  -1.7581201223325092E-002
  -1.5599394140351884E-002
  -1.3736061977666098E-002
  -1.1991204735268121E-002
  -1.0364822413157754E-002
  -8.8569150113349971E-003
  -7.4674825297998508E-003
  -6.1965249685523131E-003
  -5.0440423275923850E-003
  -4.0100346069200680E-003
  -3.0945018065353597E-003
  -2.2974439264381872E-003
  -1.6188609666287113E-003
  -1.0587529271068453E-003
  -6.1711980787258953E-004
  -2.9396160892594355E-004
  -8.9278330266907458E-005
  -3.0699718954813015E-006
